% asym posweighted
1 2 1
1 3 6
1 4 2
1 5 1
1 6 2
1 7 6
1 8 1
1 9 1
1 10 4
1 11 2
1 12 6
1 13 2
14 1 1
14 2 2
14 3 1
14 15 1
14 5 1
14 16 1
14 17 1
14 8 2
14 9 3
14 18 1
14 11 1
14 19 2
14 12 1
14 13 3
2 3 13
2 4 6
2 5 2
2 6 4
2 20 1
2 16 2
2 17 1
2 7 3
2 8 6
2 21 6
2 22 1
2 9 5
2 18 3
2 10 1
2 23 6
2 24 5
2 19 2
2 13 1
3 15 3
3 25 1
3 4 2
3 6 2
3 17 4
3 21 7
3 9 1
3 18 6
3 26 3
3 23 1
3 24 1
3 19 1
3 12 1
3 13 2
15 2 1
15 25 4
15 4 3
15 5 2
15 6 2
15 20 2
15 8 3
15 21 2
15 9 7
15 18 2
15 26 1
15 23 3
15 11 2
15 24 1
15 12 7
15 27 7
15 13 2
25 28 2
25 4 7
25 5 1
25 6 5
25 20 8
25 16 3
25 17 1
25 7 1
25 21 1
25 22 1
25 9 2
25 18 1
25 26 2
25 23 1
25 11 3
25 12 3
25 27 4
4 5 2
4 6 2
4 20 9
4 16 2
4 17 3
4 7 3
4 22 1
4 9 4
4 18 1
4 10 1
4 26 1
4 23 1
4 11 1
4 12 5
4 27 4
4 13 5
5 6 1
5 16 2
5 17 2
5 21 2
5 9 2
5 23 1
5 24 1
5 19 1
5 13 1
6 20 2
6 16 1
6 17 2
6 8 2
6 22 1
6 9 3
6 11 4
6 24 1
6 27 1
6 13 2
20 25 1
20 16 1
20 17 1
20 8 2
20 21 2
20 9 3
20 18 3
20 26 1
20 23 1
20 11 1
20 24 1
20 12 1
20 27 4
17 8 1
17 21 6
17 9 1
17 18 1
17 10 1
17 26 2
17 23 4
17 19 3
17 12 1
17 13 2
7 4 1
7 8 1
7 22 1
7 9 1
7 18 3
7 10 1
7 23 2
7 11 3
7 24 1
7 19 1
7 12 1
7 27 1
8 21 1
8 22 1
8 9 1
8 23 1
8 11 1
8 24 1
8 12 1
21 5 1
21 26 3
21 27 1
22 18 1
9 18 5
9 26 5
9 11 2
9 19 1
9 12 4
9 27 6
9 13 1
18 7 2
18 26 2
18 23 1
18 24 1
18 12 1
18 27 1
26 20 1
26 21 1
26 23 2
26 27 1
23 6 1
23 9 4
23 11 1
23 24 2
23 19 5
23 12 2
23 27 1
23 13 1
11 20 1
11 9 1
11 24 1
11 12 4
11 27 1
11 13 1
24 22 1
24 9 1
24 18 1
24 19 1
19 6 1
19 12 2
19 13 4
12 9 6
12 27 7
12 13 2
27 12 1
27 13 1
13 12 1